>>>>>>> Host 0:
3	0	0	208	49	2	0	0	3	6	218	100	0	0	NaN
3	0	0	208	49	3	0	0	3	6	238	27	0	0	NaN
3	0	0	208	49	4	0	0	3	6	166	104	0	0	NaN
3	0	0	208	49	5	0	0	3	6	195	3	0	0	NaN
3	0	0	208	49	6	0	0	3	6	193	100	1	0	NaN
3	0	0	209	49	2	0	0	3	6	96	0	0	0	NaN
3	0	0	209	49	3	0	0	3	6	24	8	0	0	NaN
3	0	0	209	49	4	0	0	3	6	27	8	0	0	NaN
3	0	0	209	49	5	0	0	3	6	46	0	0	0	NaN
3	0	0	209	49	6	0	0	3	6	19	136	0	0	NaN
0	3	255	255	0	23	1	0	1	8	192	168	0	173	26	10	NaN
0	3	255	255	0	21	1	0	2	8	10	0	0	0	0	0	NaN
0	3	255	255	0	19	1	0	2	8	192	168	0	252	1	0	NaN
0	3	255	255	0	19	1	0	2	8	192	168	0	80	1	0	NaN
0	3	255	255	0	19	1	0	2	8	192	168	0	81	1	0	NaN
0	3	255	255	0	19	1	0	2	8	192	168	0	82	1	0	NaN
0	3	255	255	0	19	1	0	2	8	192	168	0	83	1	0	NaN
0	3	255	255	0	19	1	0	2	8	192	168	0	84	1	0	NaN
0	3	255	255	0	19	1	0	2	8	192	168	0	85	1	0	NaN
0	3	255	255	0	19	1	0	2	8	192	168	0	177	1	0	NaN
0	3	255	255	0	19	1	0	2	8	192	168	0	198	1	0	NaN
0	3	255	255	0	19	1	0	2	8	192	168	0	173	1	0	NaN
0	3	255	255	0	32	1	0	2	8	30	0	0	0	0	0	NaN
0	3	255	255	0	33	1	0	2	8	0	0	1	210	0	0	NaN
0	3	255	255	0	33	1	0	2	8	1	0	2	210	0	0	NaN
0	3	255	255	0	33	1	0	2	8	2	0	1	206	0	0	NaN
0	3	255	255	0	33	1	0	2	8	3	0	2	206	0	0	NaN
0	3	255	255	0	33	1	0	2	8	4	0	1	208	0	0	NaN
0	3	255	255	0	33	1	0	2	8	5	0	2	208	0	0	NaN
0	3	255	255	0	33	1	0	2	8	6	0	1	209	0	0	NaN
0	3	255	255	0	33	1	0	2	8	7	0	2	209	0	0	NaN
0	3	255	255	0	33	1	0	2	8	8	0	1	54	1	0	NaN
0	3	255	255	0	33	1	0	2	8	9	0	1	205	0	0	NaN
0	3	255	255	0	33	1	0	2	8	10	0	2	205	0	0	NaN
0	3	255	255	0	33	1	0	2	8	11	0	1	246	0	0	NaN
0	3	255	255	0	33	1	0	2	8	12	0	2	246	0	0	NaN
0	3	255	255	0	33	1	0	2	8	13	0	1	152	0	0	NaN
0	3	255	255	0	33	1	0	2	8	14	0	2	152	0	0	NaN
0	3	255	255	0	33	1	0	2	8	15	0	1	105	0	0	NaN
0	3	255	255	0	33	1	0	2	8	16	0	1	105	0	0	NaN
0	3	255	255	0	33	1	0	2	8	17	0	1	245	0	0	NaN
0	3	255	255	0	33	1	0	2	8	18	0	1	245	0	0	NaN
0	3	255	255	0	33	1	0	2	8	19	0	1	154	0	0	NaN
0	3	255	255	0	33	1	0	2	8	20	0	1	53	1	0	NaN
0	3	255	255	0	33	1	0	2	8	21	0	1	55	1	0	NaN
0	3	255	255	0	33	1	0	2	8	22	0	1	45	1	0	NaN
0	3	255	255	0	33	1	0	2	8	23	0	1	46	1	0	NaN
0	3	255	255	0	33	1	0	2	8	24	0	1	57	1	0	NaN
0	3	255	255	0	33	1	0	2	8	25	0	1	56	1	0	NaN
0	3	255	255	0	33	1	0	2	8	26	0	1	60	1	0	NaN
0	3	255	255	0	33	1	0	2	8	27	0	1	64	1	0	NaN
0	3	255	255	0	33	1	0	2	8	28	0	1	59	1	0	NaN
0	3	255	255	0	33	1	0	2	8	29	0	1	62	1	0	NaN
3	0	1	54	49	2	0	0	3	6	101	0	0	0	NaN
3	0	1	54	49	3	0	0	3	6	49	8	0	0	NaN
3	0	1	54	49	4	0	0	3	6	52	8	0	0	NaN
3	0	1	54	49	5	0	0	3	6	48	0	0	0	NaN
3	0	1	54	49	6	0	0	3	6	0	0	0	0	NaN
3	0	0	154	17	1	0	0	3	3	1	NaN
3	0	0	205	49	2	0	0	3	6	82	0	0	0	NaN
3	0	0	205	49	3	0	0	3	6	20	8	0	0	NaN
3	0	0	205	49	4	0	0	3	6	22	8	0	0	NaN
3	0	0	205	49	5	0	0	3	6	39	0	0	0	NaN
3	0	0	205	49	6	0	0	3	6	34	196	0	0	NaN
3	0	0	105	49	2	0	0	3	6	101	0	0	0	NaN
3	0	0	105	49	3	0	0	3	6	52	8	0	0	NaN
3	0	0	105	49	4	0	0	3	6	55	8	0	0	NaN
3	0	0	105	49	5	0	0	3	6	48	0	0	0	NaN
3	0	0	105	49	6	0	0	3	6	51	2	0	0	NaN
3	0	0	154	49	2	0	0	3	6	30	19	0	0	NaN
3	0	0	152	49	2	0	0	3	6	0	0	0	0	NaN
3	0	0	152	49	3	0	0	3	6	25	8	0	0	NaN
3	0	0	152	49	4	0	0	3	6	25	8	0	0	NaN
3	0	0	152	49	5	0	0	3	6	0	0	0	0	NaN
3	0	0	152	49	6	0	0	3	6	140	0	0	0	NaN
>>>>>>> Host 1:
3	0	0	208	49	2	0	0	3	6	218	100	0	0	NaN
3	0	0	208	49	3	0	0	3	6	238	27	0	0	NaN
3	0	0	208	49	4	0	0	3	6	166	104	0	0	NaN
3	0	0	208	49	5	0	0	3	6	195	3	0	0	NaN
3	0	0	208	49	6	0	0	3	6	193	100	1	0	NaN
3	0	0	209	49	2	0	0	3	6	96	0	0	0	NaN
3	0	0	209	49	3	0	0	3	6	24	8	0	0	NaN
3	0	0	209	49	4	0	0	3	6	27	8	0	0	NaN
3	0	0	209	49	5	0	0	3	6	46	0	0	0	NaN
3	0	0	209	49	6	0	0	3	6	19	136	0	0	NaN
0	3	255	255	0	23	1	0	1	8	192	168	0	173	26	10	NaN
0	3	255	255	0	21	1	0	2	8	10	0	0	0	0	0	NaN
0	3	255	255	0	19	1	0	2	8	192	168	0	252	1	0	NaN
0	3	255	255	0	19	1	0	2	8	192	168	0	80	1	0	NaN
0	3	255	255	0	19	1	0	2	8	192	168	0	81	1	0	NaN
0	3	255	255	0	19	1	0	2	8	192	168	0	82	1	0	NaN
0	3	255	255	0	19	1	0	2	8	192	168	0	83	1	0	NaN
0	3	255	255	0	19	1	0	2	8	192	168	0	84	1	0	NaN
0	3	255	255	0	19	1	0	2	8	192	168	0	85	1	0	NaN
0	3	255	255	0	19	1	0	2	8	192	168	0	177	1	0	NaN
0	3	255	255	0	19	1	0	2	8	192	168	0	198	1	0	NaN
0	3	255	255	0	19	1	0	2	8	192	168	0	173	1	0	NaN
0	3	255	255	0	32	1	0	2	8	30	0	0	0	0	0	NaN
0	3	255	255	0	33	1	0	2	8	0	0	1	210	0	0	NaN
0	3	255	255	0	33	1	0	2	8	1	0	2	210	0	0	NaN
0	3	255	255	0	33	1	0	2	8	2	0	1	206	0	0	NaN
0	3	255	255	0	33	1	0	2	8	3	0	2	206	0	0	NaN
0	3	255	255	0	33	1	0	2	8	4	0	1	208	0	0	NaN
0	3	255	255	0	33	1	0	2	8	5	0	2	208	0	0	NaN
0	3	255	255	0	33	1	0	2	8	6	0	1	209	0	0	NaN
0	3	255	255	0	33	1	0	2	8	7	0	2	209	0	0	NaN
0	3	255	255	0	33	1	0	2	8	8	0	1	54	1	0	NaN
0	3	255	255	0	33	1	0	2	8	9	0	1	205	0	0	NaN
0	3	255	255	0	33	1	0	2	8	10	0	2	205	0	0	NaN
0	3	255	255	0	33	1	0	2	8	11	0	1	246	0	0	NaN
0	3	255	255	0	33	1	0	2	8	12	0	2	246	0	0	NaN
0	3	255	255	0	33	1	0	2	8	13	0	1	152	0	0	NaN
0	3	255	255	0	33	1	0	2	8	14	0	2	152	0	0	NaN
0	3	255	255	0	33	1	0	2	8	15	0	1	105	0	0	NaN
0	3	255	255	0	33	1	0	2	8	16	0	1	105	0	0	NaN
0	3	255	255	0	33	1	0	2	8	17	0	1	245	0	0	NaN
0	3	255	255	0	33	1	0	2	8	18	0	1	245	0	0	NaN
0	3	255	255	0	33	1	0	2	8	19	0	1	154	0	0	NaN
